4294967278,116
4294967279,86
4294967278,329
4294967278,392
4294967279,401
4294967279,437
4294967279,295
4294967279,517
4294967294,7
4294967278,307
4294967294,5
4294967294,12
0,5
4294967294,966
4294967294,965
4294967294,964
4294967294,962
4294967294,961
4294967294,918
4294967294,917
4294967294,916
4294967294,914
4294967294,912
4294967294,911
4294967294,910
4294967294,909
4294967294,907
4294967294,905
4294967294,902
4294967294,901
4294967294,899
4294967294,898
4294967294,185
4294967294,182
4294967294,176
4294967294,173
4294967294,170
4294967294,163
4294967294,162
4294967294,161
4294967293,131
4294967293,130
4294967293,129
4294967293,128
4294967293,127
4294967293,126
4294967293,125
4294967293,124
4294967293,123
4294967293,122
4294967293,121
4294967293,120
4294967293,119
4294967293,118
4294967293,117
4294967293,116
4294967293,115
4294967293,114
4294967293,113
4294967293,112
4294967293,111
4294967293,110
4294967293,109
4294967293,108
4294967293,107
4294967293,106
4294967293,105
4294967293,104
4294967293,103
4294967293,102
4294967293,101
4294967293,100
4294967293,99
4294967293,98
4294967293,97
4294967293,96
4294967293,95
4294967293,94
4294967293,93
4294967293,92
4294967293,91
4294967293,90
4294967293,89
4294967293,87
4294967293,86
4294967293,85
4294967293,84
4294967293,83
4294967293,82
4294967293,81
4294967293,80
4294967293,79
4294967293,78
4294967293,77
4294967293,76
4294967293,75
4294967293,74
4294967293,73
4294967293,72
4294967293,71
4294967293,70
4294967293,69
4294967293,68
4294967293,67
4294967293,66
4294967293,65
4294967293,64
4294967293,63
4294967293,62
4294967293,61
4294967293,60
4294967293,59
4294967293,58
4294967293,57
4294967293,56
4294967293,55
4294967293,54
4294967293,53
4294967293,52
4294967293,51
4294967293,50
4294967293,49
4294967293,48
4294967293,47
4294967293,46
4294967293,45
4294967293,44
4294967293,43
4294967293,42
4294967293,41
4294967293,40
4294967293,39
4294967293,38
4294967293,37
4294967293,36
4294967293,35
4294967293,34
4294967293,33
4294967293,32
4294967293,31
4294967293,30
4294967293,29
4294967293,28
4294967293,27
4294967293,26
4294967293,25
4294967293,24
4294967293,23
4294967293,22
4294967293,21
4294967293,20
4294967293,19
4294967293,18
4294967293,17
4294967293,16
4294967293,15
4294967293,14
4294967293,13
4294967293,12
4294967293,11
4294967293,10
4294967293,9
4294967293,8
4294967293,7
4294967293,6
4294967293,5
4294967293,4
4294967293,3
4294967278,43
4294967278,42
4294967278,41
4294967278,40
4294967278,39
4294967278,38
4294967278,37
4294967278,36
4294967278,35
4294967278,31
4294967278,29
4294967278,28
4294967278,27
4294967278,26
4294967278,24
4294967278,23
4294967278,22
4294967278,21
4294967278,19
4294967278,18
4294967278,15
4294967278,14
4294967278,13
4294967278,12
4294967278,11
4294967278,10
4294967278,9
4294967278,8
4294967278,7
4294967278,6
4294967278,5
4294967278,4
4294967279,132
4294967279,131
4294967279,130
4294967279,129
4294967279,128
4294967279,127
4294967279,125
4294967279,124
4294967279,123
4294967279,122
4294967279,121
4294967279,120
4294967279,119
4294967279,118
4294967279,117
4294967279,116
4294967279,115
4294967279,113
4294967279,112
4294967279,111
4294967279,109
4294967279,108
4294967279,107
4294967279,106
4294967279,105
4294967279,104
4294967279,103
4294967279,102
4294967279,101
4294967279,100
4294967279,99
4294967279,98
4294967279,97
4294967279,96
4294967279,95
4294967279,94
4294967279,93
4294967279,92
4294967279,91
4294967279,90
4294967279,89
4294967279,87
4294967279,300
4294967278,363
4294967279,398
4294967279,512
4294967278,275
4294967278,359
4294967279,126
4294967279,533
4294967294,1417
4294967278,355
4294967278,402
4294967278,386
4294967278,246
4294967278,244
639,5
639,4
639,3
639,2
639,1
4294967278,240
4294967279,114
4294967278,304
4294967278,234
4294967278,423
4294967279,110
4294967279,223
638,5
638,4
638,3
638,2
638,1
4294967278,292
4294967279,556
4294967278,351
4294967279,513
4294967278,210
4294967278,350
4294967279,205
4294967278,201
4294967278,196
4294967279,301
634,6
634,5
634,4
634,3
634,2
634,1
4294967278,187
4294967279,188
633,5
4294967278,186
633,4
4294967279,185
633,3
633,2
633,1
4294967279,276
4294967294,407
4294967294,457
4294967294,191
4294967294,112
4294967278,256
4294967278,349
4294967278,347
4294967278,88
4294967278,178
632,5
4294967278,176
632,4
632,3
632,2
632,1
4294967278,175
4294967278,317
631,5
631,4
631,3
631,2
631,1
4294967278,163
4294967279,165
4294967278,162
4294967278,161
4294967279,160
4294967279,159
629,4
629,3
629,2
629,1
4294967279,269
4294967279,259
4294967278,320
4294967279,543
4294967278,420
4294967278,445
4294967278,328
4294967279,559
4294967279,431
4294967279,418
4294967279,419
4294967278,310
4294967279,425
4294967279,540
4294967279,134
4294967279,415
4294967278,327
4294967278,270
4294967279,514
4294967278,404
4294967279,299
628,5
628,4
628,3
628,2
628,1
4294967278,250
627,5
627,4
627,2
627,1
4294967278,242
4294967278,226
4294967278,434
4294967278,211
623,6
623,5
623,4
623,3
623,2
623,1
4294967278,205
4294967279,298
622,5
622,4
622,3
622,2
622,1
4294967279,296
4294967279,2
4294967279,542
621,5
4294967279,191
621,4
621,3
621,2
621,1
4294967279,532
4294967294,388
4294967278,185
620,5
4294967278,184
4294967279,184
4294967278,183
620,4
620,3
620,2
620,1
4294967278,182
4294967279,179
4294967279,178
4294967278,177
4294967278,387
4294967294,464
4294967294,175
4294967294,465
4294967294,410
4294967294,462
4294967294,466
4294967278,173
618,4
618,3
618,2
618,1
4294967278,429
4294967279,538
4294967278,345
4294967278,344
4294967279,531
4294967279,515
4294967278,438
4294967278,34
4294967278,33
4294967278,32
4294967278,30
4294967278,20
4294967278,17
4294967278,16
4294967279,417
4294967278,156
4294967279,155
4294967278,155
4294967278,415
4294967279,153
4294967278,153
4294967278,152
4294967278,151
4294967279,150
4294967279,149
4294967278,149
4294967278,148
4294967279,147
4294967278,147
4294967279,143
4294967278,143
4294967279,142
4294967278,425
4294967278,25
4294967294,190
4294967279,396
4294967278,290
4294967278,444
4294967279,271
4294967279,279
617,5
617,4
617,3
617,2
617,1
4294967279,391
4294967279,282
4294967279,416
4294967278,403
4294967278,269
4294967279,294
4294967279,263
4294967279,262
4294967279,261
4294967279,275
4294967279,256
4294967279,258
616,5
616,4
4294967279,257
616,2
616,1
4294967279,293
4294967279,255
4294967279,254
4294967278,258
4294967278,318
4294967279,251
4294967278,263
4294967279,569
4294967279,550
4294967278,374
4294967279,568
4294967278,254
4294967278,253
4294967278,325
4294967279,243
4294967278,324
